1 2300 2300 2700 2200 2300 2200
2 2300 2300 2100 2200 2300 2200
3 2300 2300 4600 2200 2300 2200
4 2300 2300 2300 2200 2300 2200
5 2300 2300 3000 2200 2300 2200
6 2300 2300 3900 2200 2300 2200
7 2300 2300 2100 2200 2400 2200
8 2300 2300 2300 2200 2400 2200
9 2300 2300 4300 2200 2400 2200
10 2300 2300 2100 2200 2400 2200
11 2400 2300 2200 2200 2400 2200
12 2400 2300 2600 2200 2400 2200
13 2400 2300 4500 2200 2400 2200
14 2400 2300 2200 2200 2400 2200
15 2400 2300 2300 2200 2400 2200
16 2400 2300 4100 2200 2400 2200
17 2400 2300 2300 2200 2400 2200
18 2400 2300 2100 2200 2400 2200
19 2400 2300 2000 2200 2400 2200
20 2400 2300 2000 2200 2400 2200
21 2400 2300 3800 2200 2400 2200
22 2400 2300 2200 2200 2400 2200
23 2400 2300 2200 2200 2400 2200
24 2400 2300 2100 2200 2400 2300
25 2400 2300 4300 2200 2400 2300
26 2400 2300 2300 2200 2400 2300
27 2400 2300 4500 2200 2400 2300
28 2400 2300 3500 2200 2400 2300
29 2400 2300 2000 2200 2400 2300
30 2400 2300 4600 2200 2400 2300
31 2400 2300 3700 2200 2400 2300
32 2400 2300 4600 2200 2400 2300
33 2400 2300 2100 2200 2400 2300
34 2400 2300 2100 2200 2400 2300
35 2400 2300 2200 2200 2400 2300
36 2400 2300 4300 2200 2400 2300
37 2400 2300 2100 2200 2400 2300
38 2400 2300 2100 2200 2400 2300
39 2400 2300 2200 2200 2400 2300
40 2400 2300 4400 2200 2400 2300
41 2400 2300 2100 2200 2400 2300
42 2400 2300 2000 2200 2400 2300
43 2400 2300 3600 2200 2400 2300
44 2400 2300 2100 2200 2400 2300
45 2400 2300 2100 2200 2400 2300
46 2400 2300 2000 2200 2400 2300
47 2400 2300 2100 2200 2400 2300
48 2400 2300 2400 2200 2400 2300
49 2400 2300 2200 2200 2400 2300
50 2400 2300 2000 2200 2400 2300
51 2400 2300 3200 2200 2400 2300
52 2400 2300 2600 2200 2400 2300
53 2400 2300 2100 2200 2400 2300
54 2400 2300 3600 2200 2400 2300
55 2400 2300 2600 2200 2400 2300
56 2400 2300 2100 2200 2400 2300
57 2400 2300 2100 2200 2400 2300
58 2400 2300 4500 2200 2400 2300
59 2400 2300 4100 2200 2400 2300
60 2400 2300 3500 2200 2400 2300
61 2400 2300 2100 2200 2400 2300
62 2400 2300 3100 2200 2400 2300
63 2400 2300 2000 2200 2400 2300
64 2400 2300 2600 2200 2400 2300
65 2400 2300 4700 2200 2400 2300
66 2400 2300 2000 2200 2400 2300
67 2400 2300 3200 2200 2400 2300
68 2400 2300 4400 2200 2400 2300
69 2400 2300 2000 2200 2400 2300
70 2400 2300 3100 2200 2400 2300
71 2400 2300 2400 2200 2400 2300
72 2400 2300 3000 2200 2400 2300
73 2400 2300 3000 2200 2400 2300
74 2400 2400 3700 2200 2400 2300
75 2400 2400 3000 2200 2400 2300
76 2400 2400 3500 2200 2400 2300
77 2400 2400 2000 2200 2400 2300
78 2400 2400 2100 2200 2400 2300
79 2400 2400 2400 2200 2400 2300
80 2400 2400 4200 2200 2400 2300
81 2400 2400 3800 2200 2400 2300
82 2400 2400 2500 2200 2300 2300
83 2400 2400 2200 2200 2300 2300
84 2400 2400 2000 2200 2400 2300
85 2400 2400 3600 2200 2400 2300
86 2400 2400 4300 2300 2400 2300
87 2400 2400 3200 2300 2300 2300
88 2400 2400 2000 2300 2300 2300
89 2400 2400 2000 2300 2400 2300
90 2400 2400 3600 2300 2400 2300
91 2400 2400 2900 2300 2400 2300
92 2400 2400 2000 2300 2400 2300
93 2400 2400 2200 2300 2400 2300
94 2400 2400 2200 2300 2400 2300
95 2400 2400 2000 2300 2400 2300
96 2400 2400 2100 2300 2400 2300
97 2400 2400 2100 2300 2400 2300
98 2400 2400 2000 2300 2400 2300
99 2400 2400 3900 2300 2400 2300
100 2400 2400 2100 2300 2400 2300
101 2400 2400 2300 2300 2300 2300
102 2400 2400 3600 2300 2300 2300
103 2400 2400 4300 2300 2400 2300
104 2400 2400 2400 2300 2300 2300
105 2400 2400 2100 2300 2400 2300
106 2400 2400 3700 2300 2400 2300
107 2400 2400 4600 2300 2400 2300
108 2400 2400 2000 2300 2400 2300
109 2400 2400 1900 2300 2400 2300
110 2400 2400 2100 2300 2400 2300
111 2400 2400 2100 2300 2400 2300
112 2400 2400 2000 2300 2400 2300
113 2400 2400 2600 2300 2400 2300
114 2400 2400 3500 2300 2400 2300
115 2400 2400 3300 2300 2400 2300
116 2400 2400 3600 2300 2400 2300
117 2400 2400 2100 2300 2400 2300
118 2400 2400 2000 2300 2400 2300
119 2400 2400 2700 2300 2400 2300
120 2400 2400 2000 2300 2400 2300
121 2400 2400 4500 2300 2400 2300
122 2400 2400 2100 2300 2400 2300
123 2400 2400 4100 2300 2400 2300
124 2400 2400 4000 2300 2400 2300
125 2400 2400 2100 2300 2400 2300
126 2400 2400 2000 2300 2400 2300
127 2400 2400 3900 2300 2400 2300
128 2400 2400 2000 2300 2400 2300
129 2400 2400 2000 2300 2400 2300
130 2400 2400 2000 2300 2400 2300
131 2400 2400 2300 2300 2400 2300
132 2400 2400 2000 2300 2400 2300
133 2400 2400 4300 2300 2400 2300
134 2400 2400 2000 2300 2400 2300
135 2400 2400 3300 2300 2400 2300
136 2400 2500 4700 2300 2400 2300
137 2400 2500 3400 2300 2400 2300
138 2400 2500 3100 2300 2400 2300
139 2400 2500 3700 2300 2400 2300
140 2400 2500 2000 2300 2400 2300
141 2400 2500 4100 2300 2400 2300
142 2400 2500 2300 2300 2400 2300
143 2400 2500 2500 2300 2400 2300
144 2400 2500 2000 2300 2400 2300
145 2400 2500 2100 2300 2400 2300
146 2400 2500 2800 2300 2400 2300
147 2400 2500 4100 2300 2400 2300
148 2400 2500 2100 2300 2400 2300
149 2400 2500 2000 2300 2400 2300
150 2400 2500 2000 2300 2400 2300
151 2400 2500 2200 2300 2400 2300
152 2400 2500 4100 2300 2400 2300
153 2500 2500 2400 2300 2400 2400
154 2500 2500 2000 2400 2400 2400
155 2400 2500 2200 2400 2400 2400
156 2400 2500 2100 2400 2400 2400
157 2400 2500 2400 2400 2400 2400
158 2500 2500 2200 2400 2400 2400
159 2500 2500 2000 2400 2400 2400
160 2400 2500 2200 2400 2400 2400
161 2400 2500 2400 2400 2400 2400
162 2400 2500 2400 2400 2400 2400
163 2500 2500 4700 2400 2400 2400
164 2400 2500 2200 2400 2400 2400
165 2400 2500 2100 2400 2400 2400
166 2400 2500 2500 2400 2400 2400
167 2400 2500 2100 2400 2400 2400
168 2500 2500 2100 2400 2400 2400
169 2400 2500 2300 2400 2400 2400
170 2500 2500 2200 2400 2400 2400
171 2500 2500 3200 2400 2400 2400
172 2400 2500 4100 2400 2400 2400
173 2400 2500 3300 2400 2400 2400
174 2400 2500 3600 2400 2400 2400
175 2400 2500 2100 2400 2400 2400
176 2400 2500 2100 2400 2400 2400
177 2400 2500 2200 2400 2400 2400
178 2500 2500 2400 2400 2400 2400
179 2400 2500 3700 2400 2400 2400
180 2500 2500 2700 2400 2400 2400
181 2500 2500 2100 2400 2400 2400
182 2500 2500 2200 2400 2400 2400
183 2500 2500 2400 2400 2400 2400
184 2500 2500 2200 2400 2400 2400
185 2500 2500 2500 2400 2400 2400
186 2500 2500 2100 2400 2400 2400
187 2500 2500 2100 2400 2400 2400
188 2500 2500 3100 2400 2400 2400
189 2500 2500 2100 2400 2400 2400
190 2500 2500 3400 2400 2400 2400
191 2500 2500 2500 2400 2400 2400
192 2500 2500 2100 2400 2400 2400
193 2500 2500 4400 2400 2400 2400
194 2500 2500 2600 2400 2400 2400
195 2500 2500 2900 2400 2400 2400
196 2500 2500 2900 2400 2400 2400
197 2500 2500 3800 2400 2400 2400
198 2500 2500 2200 2400 2400 2400
199 2500 2500 3200 2400 2400 2400
200 2500 2500 2100 2400 2400 2400
201 2500 2500 4500 2400 2400 2400
202 2500 2500 2300 2400 2400 2400
203 2500 2500 4600 2400 2400 2400
204 2500 2500 2300 2400 2400 2400
205 2500 2500 3600 2400 2400 2400
206 2500 2500 2400 2400 2400 2400
207 2500 2500 4400 2400 2400 2400
208 2500 2500 2600 2400 2400 2400
209 2500 2500 3200 2400 2400 2400
210 2400 2500 3300 2400 2400 2400
211 2400 2500 2100 2400 2400 2400
212 2500 2500 2700 2400 2400 2400
213 2400 2500 3700 2400 2400 2400
214 2500 2500 2100 2400 2400 2400
215 2500 2500 3900 2400 2400 2400
216 2500 2500 2800 2400 2400 2400
217 2500 2500 2200 2400 2400 2400
218 2500 2500 2200 2400 2400 2400
219 2500 2500 3400 2400 2400 2400
220 2400 2500 3000 2400 2400 2400
221 2500 2500 2500 2500 2400 2400
222 2500 2500 2600 2500 2400 2400
223 2500 2500 4400 2500 2400 2400
224 2400 2500 2200 2500 2400 2400
225 2500 2500 3300 2500 2400 2400
226 2500 2600 2200 2500 2400 2400
227 2500 2600 2200 2500 2400 2400
228 2500 2600 3900 2500 2400 2400
229 2500 2600 4400 2500 2400 2400
230 2500 2600 4400 2500 2400 2400
231 2500 2600 2200 2500 2400 2400
232 2500 2600 3700 2500 2400 2400
233 2500 2600 2500 2500 2400 2400
234 2500 2600 3600 2500 2400 2400
235 2500 2600 2200 2500 2400 2400
236 2500 2600 2400 2500 2400 2400
237 2500 2600 3400 2500 2400 2400
238 2500 2600 2600 2500 2400 2400
239 2500 2600 2400 2500 2400 2400
240 2500 2600 2200 2500 2400 2400
241 2500 2600 4600 2500 2400 2400
242 2500 2600 2200 2500 2400 2400
243 2500 2600 2200 2500 2400 2400
244 2500 2600 3500 2500 2400 2500
245 2500 2600 2200 2500 2400 2500
246 2500 2600 2500 2500 2400 2500
247 2500 2600 2300 2500 2400 2500
248 2500 2600 2500 2500 2400 2500
249 2500 2600 3300 2500 2400 2500
250 2500 2600 2200 2500 2400 2500
251 2500 2600 2200 2500 2400 2500
252 2500 2500 2200 2500 2400 2500
253 2500 2500 3000 2500 2400 2500
254 2500 2500 3400 2500 2400 2500
255 2500 2500 2300 2500 2400 2500
256 2500 2500 2200 2500 2400 2400
257 2500 2500 4300 2500 2400 2400
258 2500 2500 2300 2500 2400 2400
259 2500 2500 2600 2500 2400 2400
260 2500 2500 2200 2500 2400 2400
261 2500 2500 2200 2500 2400 2400
262 2500 2500 2200 2500 2400 2400
263 2500 2500 3200 2500 2400 2400
264 2500 2500 2400 2500 2400 2400
265 2500 2500 3300 2500 2400 2400
266 2500 2500 2200 2500 2400 2400
267 2500 2500 2200 2500 2400 2400
268 2500 2500 2600 2500 2400 2400
269 2500 2500 2200 2500 2400 2400
270 2500 2500 4100 2500 2400 2400
271 2500 2500 2300 2500 2400 2400
272 2500 2500 2200 2500 2400 2400
273 2500 2500 2200 2500 2400 2400
274 2500 2500 2500 2500 2400 2400
275 2500 2500 3400 2500 2400 2400
276 2500 2500 4400 2500 2400 2400
277 2500 2500 3100 2500 2400 2400
278 2500 2600 4200 2500 2400 2400
279 2500 2600 2200 2500 2400 2500
280 2500 2600 2500 2500 2400 2500
281 2500 2600 4100 2500 2400 2500
282 2500 2600 3600 2500 2400 2500
283 2500 2600 3600 2500 2400 2500
284 2500 2600 2200 2500 2400 2500
285 2500 2600 2200 2500 2400 2500
286 2500 2600 4200 2500 2400 2500
287 2500 2600 2800 2500 2400 2500
288 2500 2600 3300 2500 2400 2500
289 2500 2600 2300 2500 2400 2500
290 2500 2600 2300 2500 2400 2500
291 2500 2600 2500 2500 2400 2500
292 2500 2600 2200 2500 2400 2500
293 2500 2600 3100 2500 2400 2500
294 2500 2600 2400 2500 2400 2500
295 2500 2600 2200 2500 2400 2500
296 2500 2600 2200 2500 2400 2500
297 2500 2600 4100 2500 2400 2500
298 2500 2600 3400 2500 2400 2500
299 2500 2600 2700 2500 2400 2500
300 2500 2600 2700 2500 2400 2500
301 2500 2600 2600 2500 2400 2500
302 2500 2600 2400 2500 2400 2500
303 2500 2600 2500 2500 2400 2500
304 2500 2600 4300 2500 2400 2500
305 2500 2600 2400 2500 2400 2500
306 2500 2600 2500 2500 2400 2500
307 2500 2600 2400 2500 2400 2500
308 2500 2600 4300 2500 2400 2500
309 2500 2600 3900 2500 2400 2500
310 2500 2600 2400 2500 2400 2500
311 2500 2600 3900 2500 2400 2500
312 2500 2600 4300 2500 2400 2500
313 2500 2600 3400 2500 2400 2500
314 2500 2600 2500 2500 2400 2500
315 2500 2600 2300 2500 2400 2500
316 2500 2600 3700 2500 2400 2500
317 2500 2600 2500 2500 2400 2500
318 2500 2500 3500 2500 2400 2500
319 2500 2500 2500 2500 2400 2500
320 2500 2500 2200 2500 2400 2500
321 2500 2500 2200 2500 2400 2500
322 2500 2500 4300 2500 2400 2500
323 2500 2500 2300 2500 2400 2400
324 2500 2500 2300 2500 2400 2400
325 2500 2500 2500 2500 2400 2400
326 2500 2500 2500 2500 2400 2400
327 2500 2500 2400 2500 2400 2400
328 2500 2500 4500 2500 2400 2400
329 2500 2500 3300 2500 2400 2400
330 2500 2500 2700 2500 2400 2400
331 2500 2500 2200 2500 2400 2400
332 2500 2500 4500 2500 2400 2400
333 2500 2500 2800 2500 2400 2400
334 2500 2600 2500 2500 2400 2400
335 2500 2600 2200 2500 2400 2400
336 2500 2500 3200 2500 2400 2400
337 2500 2500 3200 2500 2400 2400
338 2500 2500 2200 2500 2400 2400
339 2500 2500 3700 2500 2400 2400
340 2500 2500 2200 2500 2400 2400
341 2500 2500 3400 2500 2400 2400
342 2500 2500 4500 2500 2400 2400
343 2500 2500 4100 2500 2400 2400
344 2500 2500 2400 2500 2400 2400
345 2500 2500 2500 2500 2400 2400
346 2500 2500 2900 2500 2400 2400
347 2500 2500 4000 2500 2400 2400
348 2500 2500 2600 2500 2400 2400
349 2500 2500 2500 2500 2400 2400
350 2500 2500 2600 2500 2400 2400
351 2500 2500 4600 2500 2400 2400
352 2500 2500 2600 2500 2400 2400
353 2500 2500 2300 2500 2400 2400
354 2500 2500 2600 2500 2400 2400
355 2500 2500 2300 2500 2400 2400
356 2500 2500 2600 2500 2400 2400
357 2500 2500 2500 2500 2400 2400
358 2500 2600 3500 2500 2400 2400
359 2500 2600 4200 2500 2400 2400
360 2500 2600 4500 2500 2400 2400
361 2500 2600 3900 2500 2400 2400
362 2500 2600 3700 2500 2400 2400
363 2500 2600 2500 2500 2400 2400
364 2500 2600 2200 2500 2400 2400
365 2500 2600 3500 2500 2400 2400
366 2500 2600 2600 2500 2400 2400
367 2500 2600 4300 2500 2400 2400
368 2500 2600 3400 2500 2400 2400
369 2500 2600 2200 2500 2400 2400
370 2500 2600 2200 2500 2400 2400
371 2500 2600 2400 2500 2400 2400
372 2500 2600 2300 2500 2300 2400
373 2500 2600 2400 2500 2400 2400
374 2500 2600 2300 2500 2400 2400
375 2500 2600 2600 2500 2400 2400
376 2500 2600 3100 2500 2400 2400
377 2500 2600 2600 2500 2400 2400
378 2500 2600 2600 2500 2400 2400
379 2500 2600 3300 2500 2400 2400
380 2500 2600 2700 2500 2400 2400
381 2500 2600 3800 2500 2400 2400
382 2500 2600 2800 2500 2400 2400
383 2500 2600 2400 2500 2400 2400
384 2500 2600 2200 2500 2400 2400
385 2500 2600 2200 2500 2400 2400
386 2500 2600 2300 2500 2400 2400
387 2500 2600 2500 2500 2400 2400
388 2500 2600 2500 2500 2400 2400
389 2500 2600 2600 2500 2300 2400
390 2500 2600 2900 2500 2400 2400
391 2500 2600 2300 2500 2400 2400
392 2500 2600 2400 2500 2400 2400
393 2500 2600 2700 2500 2400 2400
394 2500 2600 2600 2500 2400 2400
395 2500 2600 2200 2500 2400 2400
396 2500 2600 2300 2500 2400 2400
397 2500 2600 2600 2500 2400 2400
398 2500 2600 3300 2500 2300 2400
399 2500 2600 3100 2500 2400 2400
400 2500 2600 3600 2500 2400 2400
401 2500 2600 3800 2500 2400 2400
402 2500 2600 2200 2500 2400 2400
403 2500 2600 2300 2500 2400 2400
404 2500 2600 2800 2500 2400 2400
405 2500 2600 2700 2500 2400 2400
406 2500 2600 2400 2500 2400 2400
407 2500 2600 3400 2500 2400 2400
408 2500 2600 2600 2500 2400 2400
409 2500 2600 2300 2500 2400 2400
410 2500 2600 2700 2500 2400 2400
411 2500 2600 2400 2500 2400 2400
412 2500 2600 2400 2500 2400 2400
413 2500 2600 3200 2500 2400 2400
414 2500 2600 4300 2500 2400 2400
415 2500 2600 2200 2500 2400 2400
416 2500 2600 2700 2500 2400 2400
417 2500 2600 2200 2500 2400 2400
418 2500 2600 2200 2500 2400 2400
419 2500 2600 4400 2500 2400 2400
420 2500 2600 3400 2500 2400 2400
421 2500 2600 2500 2500 2400 2400
422 2500 2600 2500 2500 2400 2400
423 2500 2600 3100 2500 2400 2400
424 2500 2600 2700 2500 2400 2400
425 2500 2600 4300 2500 2400 2400
426 2500 2600 2500 2500 2400 2400
427 2500 2600 2300 2500 2400 2400
428 2500 2600 2300 2500 2400 2400
429 2500 2500 3600 2500 2400 2400
430 2500 2500 2300 2500 2400 2400
431 2500 2500 2400 2500 2400 2400
432 2500 2500 2300 2500 2400 2400
433 2500 2500 2500 2500 2400 2400
434 2500 2500 2700 2500 2400 2400
435 2500 2500 2300 2500 2400 2400
436 2500 2500 2500 2500 2400 2400
437 2500 2500 2200 2500 2400 2400
438 2500 2500 2400 2500 2400 2400
439 2500 2500 4100 2500 2400 2400
440 2500 2500 2900 2500 2400 2400
441 2500 2500 2200 2500 2400 2400
442 2500 2500 2200 2500 2400 2400
443 2500 2600 4600 2500 2400 2400
444 2500 2600 4300 2500 2400 2400
445 2500 2600 2200 2500 2400 2400
446 2500 2600 2200 2500 2400 2400
447 2500 2600 3900 2500 2400 2400
448 2500 2600 3000 2500 2400 2400
449 2500 2500 3300 2500 2400 2400
450 2500 2500 2400 2500 2400 2400
451 2500 2500 3800 2500 2400 2400
452 2500 2500 4500 2500 2400 2400
453 2500 2600 4300 2500 2400 2400
454 2500 2600 3800 2500 2400 2400
455 2500 2600 3900 2500 2400 2400
456 2500 2600 2700 2500 2400 2400
457 2500 2600 2200 2500 2400 2400
458 2500 2500 3700 2500 2400 2400
459 2500 2500 2200 2500 2400 2400
460 2500 2500 3100 2500 2400 2400
461 2500 2500 2400 2500 2400 2400
462 2500 2500 4300 2500 2400 2400
463 2500 2500 3000 2500 2400 2400
464 2500 2500 2600 2500 2400 2400
465 2500 2500 2300 2500 2400 2400
466 2500 2500 3000 2500 2400 2400
467 2500 2500 3400 2500 2400 2400
468 2500 2500 4400 2500 2400 2400
469 2500 2500 2900 2500 2400 2400
470 2500 2500 2500 2500 2400 2400
471 2500 2500 2300 2500 2400 2400
472 2500 2500 2400 2500 2400 2400
473 2500 2500 2300 2500 2400 2400
474 2500 2500 2800 2500 2400 2400
475 2500 2500 2200 2500 2400 2400
476 2500 2500 3300 2500 2400 2400
477 2500 2500 2200 2500 2400 2400
478 2500 2600 2500 2500 2400 2400
479 2500 2600 2200 2500 2400 2400
480 2500 2600 3500 2500 2400 2400
481 2500 2600 2300 2500 2400 2400
482 2500 2600 3600 2500 2400 2400
483 2500 2600 2200 2500 2400 2400
484 2500 2600 2200 2500 2400 2400
485 2500 2500 2300 2500 2400 2400
486 2500 2500 2500 2500 2400 2400
487 2500 2500 4100 2500 2400 2400
488 2500 2500 3100 2500 2400 2400
489 2500 2500 4300 2500 2400 2400
490 2500 2500 2500 2500 2400 2400
491 2500 2500 2200 2500 2400 2400
492 2500 2500 2500 2500 2300 2400
493 2500 2500 2600 2500 2400 2400
494 2500 2500 2500 2500 2400 2400
495 2500 2500 4200 2500 2400 2400
496 2500 2500 2800 2500 2400 2400
497 2500 2500 2700 2500 2400 2400
498 2500 2500 3000 2500 2400 2400
499 2500 2500 2400 2500 2400 2400
500 2500 2500 2900 2500 2400 2400
501 2500 2500 4200 2500 2400 2400
502 2500 2500 3300 2500 2400 2400
503 2500 2500 2200 2500 2400 2400
504 2500 2500 2200 2500 2400 2400
505 2500 2500 3600 2500 2400 2400
506 2500 2500 2600 2500 2400 2400
507 2500 2500 4100 2500 2400 2400
508 2500 2500 2200 2500 2400 2400
509 2500 2500 2200 2500 2400 2400
510 2500 2500 4300 2500 2400 2400
511 2500 2500 3700 2500 2400 2400
512 2500 2500 2200 2500 2400 2400
513 2500 2500 4100 2500 2400 2400
514 2500 2500 2200 2500 2400 2400
515 2500 2500 2600 2500 2400 2400
516 2500 2500 4200 2500 2400 2400
517 2500 2500 2300 2500 2400 2400
518 2500 2500 3000 2500 2400 2400
519 2500 2500 2400 2500 2400 2400
520 2500 2500 2700 2500 2400 2400
521 2500 2500 2500 2500 2400 2400
522 2500 2500 2300 2500 2500 2400
523 2500 2500 2700 2500 2400 2400
524 2500 2600 2700 2500 2400 2500
525 2500 2600 2400 2500 2400 2500
526 2500 2600 2900 2500 2400 2500
527 2500 2600 2800 2500 2400 2500
528 2500 2600 2400 2500 2400 2500
529 2500 2600 3700 2500 2400 2500
530 2500 2600 3500 2500 2400 2500
531 2500 2600 2100 2500 2400 2500
532 2500 2600 2200 2500 2400 2500
533 2500 2600 2600 2500 2400 2500
534 2500 2600 4600 2500 2400 2500
535 2500 2600 4500 2500 2500 2500
536 2500 2600 2600 2500 2500 2500
537 2600 2600 2300 2500 2400 2500
538 2600 2600 2700 2500 2400 2500
539 2700 2600 3400 2500 2400 2500
540 2700 2600 2300 2500 2400 2500
541 2700 2600 4200 2500 2400 2500
542 2700 2600 3900 2500 2400 2500
543 2800 2600 2300 2500 2400 2500
544 2800 2700 2400 2500 2500 2500
545 2800 2700 4000 2500 2500 2500
546 2800 2700 2900 2500 -7900 2500
547 2800 2700 2900 2500 -7900 2500
548 2800 2700 2900 2500 -7900 2500
549 2800 2700 2900 2500 -7900 2500
550 2800 2700 2900 2500 -7900 2500
551 2900 2700 2900 2500 -7900 2500
552 2900 2700 2900 2500 -7600 2500
553 2900 2800 2900 2500 -7600 2500
554 2900 2800 2900 2500 -7600 2500
555 3000 2800 3000 2500 -7600 2500
556 3000 2800 2900 2500 -7600 2500
557 3100 2800 2900 2500 -7600 2500
558 3100 2800 2900 2500 -7600 2500
559 3200 2800 3000 2500 -7600 2500
560 3300 2800 3000 2500 -7600 2500
561 3400 2800 2900 2500 -7300 2500
562 3400 2800 3000 2500 -7300 2500
563 3500 2800 3000 2500 -7300 2500
564 3600 2800 3000 2500 -7300 2500
565 3700 2800 3000 2500 -7300 2500
566 3800 2800 3000 2500 -7300 2500
567 3900 2800 3000 2500 -7300 2500
568 3900 2800 3000 2500 -7300 2500
569 4000 2800 3000 2500 -7300 2500
570 4100 2800 3000 2500 -7300 2500
571 4100 2800 3000 2500 -7300 2500
572 4200 2800 3000 2500 -7300 2500
573 4300 2800 3000 2500 -7300 2500
574 4300 2800 3000 2500 -7300 2500
575 4400 2800 3000 2500 -7300 2500
576 4400 2800 3000 2500 -7300 2500
577 4500 2800 3000 2500 -7300 2500
578 4500 2800 3000 2500 -7300 2500
579 4600 2800 3000 2500 -7300 2500
580 4600 2800 3000 2500 -7300 2500
581 4700 2800 3000 2500 -7300 2500
582 4700 2800 3000 2500 -7300 2500
583 4800 2800 3000 2500 -7300 2500
584 4800 2800 3000 2500 -7300 2500
585 4800 2800 3000 2600 -7300 2500
586 4800 2800 3000 2600 -7600 2500
587 4800 2800 3000 2600 -7300 2500
588 4800 2800 3000 2600 -7300 2500
589 4800 2800 3000 2600 -7300 2500
590 4800 2800 3000 2600 -7300 2500
591 4800 2800 3000 2600 -7300 2500
592 4800 2800 3000 2600 -7300 2500
593 4900 2900 2800 2700 2600 2500
594 4900 2900 3100 2700 -7300 2500
595 4900 2900 2500 2700 2600 2500
596 4900 2900 2500 2700 2600 2600
597 4900 2900 2700 2700 2600 2600
598 4900 2900 2700 2700 2500 2600
599 4900 2900 2700 2700 2600 2600
600 4900 2900 3200 2800 2600 2600
601 4900 2900 3100 2800 2600 2600
602 4900 3000 4500 2800 2500 2600
603 5000 3000 2800 2800 2500 2600
604 5000 3000 3100 2800 2600 2600
605 5000 3000 2700 2800 2600 2600
606 5000 3000 2600 2800 2500 2600
607 5000 3000 4200 2800 2600 2600
608 5000 3000 3000 2800 2600 2600
609 5000 3000 2800 2800 2600 2700
610 5000 3000 2900 2800 2500 2700
611 5000 3000 2900 2800 2500 2700
612 5000 3000 3500 2800 2500 2700
613 5000 3000 4900 2800 2600 2700
614 5100 3000 4500 2800 2600 2700
615 5100 3000 3100 2800 2600 2700
616 5100 3000 2700 2800 2600 2700
617 5100 3000 2600 2800 2600 2700
618 5100 3000 3500 2800 2600 2700
619 5100 3000 2500 2800 2600 2700
620 5100 3000 2600 2800 2600 2700
621 5100 3000 2500 2900 2600 2700
622 5100 3000 3700 2900 2600 2700
623 5200 3000 2600 2900 2600 2700
624 5200 3000 4100 2900 2600 2700
625 5200 3000 2600 2900 2600 2700
626 5200 3100 2600 2900 2600 2700
627 5200 3100 3700 2900 2600 2700
628 5200 3100 2700 2900 2600 2700
629 5200 3100 2600 2900 2600 2700
630 5200 3100 2600 2900 2600 2700
631 5200 3100 2800 2900 2600 2700
632 5200 3100 3000 2900 2600 2700
633 5200 3100 3100 2900 2600 2700
634 5200 3100 2600 2900 2600 2700
635 5100 3100 2800 2900 2600 2700
636 5100 3100 3100 2900 2600 2700
637 5100 3100 4200 2900 2600 2700
638 5100 3100 3700 2900 2600 2700
639 5100 3100 4300 2900 2600 2700
640 5100 3100 3200 2900 2600 2700
641 5100 3100 4200 2900 2600 2700
642 5100 3100 2700 2900 2600 2700
643 5100 3100 3100 2900 2600 2700
644 5000 3100 4600 2900 2600 2700
645 5000 3100 2700 2900 2600 2800
646 5000 3100 2700 2900 2600 2800
647 5000 3100 3000 2900 2600 2800
648 5000 3100 4800 2900 2600 2800
649 5000 3100 4700 2900 2600 2800
650 5000 3100 2700 2900 2600 2800
651 5000 3100 3700 3000 2600 2800
652 5000 3100 4100 3000 2600 2800
653 5000 3100 3200 3000 2600 2800
654 5000 3100 3100 3000 2600 2800
655 4900 3100 2800 3000 2600 2800
656 4900 3100 2800 3000 2600 2800
657 4900 3100 3100 3000 2600 2800
658 4900 3200 2900 3000 2600 2800
659 4900 3200 3600 3000 2600 2800
660 4900 3200 2800 3000 2600 2800
661 4400 3200 3100 2900 2600 2800
662 5100 3200 2800 3000 2700 2800
663 5700 3200 4100 3000 2600 2800
664 4800 3100 3800 3000 2600 2800
665 5200 3100 4300 3000 2600 2800
666 5600 3100 3400 3000 2600 2800
667 5600 3100 2700 3000 2600 2800
668 5700 3100 3200 3000 2600 2800
669 6200 3100 2800 3000 2600 2800
670 6300 3100 3100 3000 2600 2800
671 5900 3100 2900 3000 2600 2800
672 5800 3200 3300 3000 2600 2800
673 6000 3200 4400 3000 2600 2800
674 5800 3200 2900 3000 2600 2800
675 6600 3200 2900 3000 2600 2800
676 7300 3200 2900 3000 2600 2800
677 8000 3100 3300 3000 2600 2800
678 8200 3100 3100 3000 2600 2800
679 8600 3100 3200 3000 2600 2800
680 9400 3100 3400 3000 2600 2800
681 8100 3100 3300 3000 2600 2800
682 8800 3100 3300 3000 2700 2800
683 8900 3100 3100 3000 2600 2800
684 9000 3100 4100 3000 2700 2800
685 8900 3100 2900 3000 2600 2800
686 8900 3100 3300 3000 2700 2800
687 9000 3100 3300 2900 2700 2800
688 8900 3100 3200 2900 2600 2800
689 7800 3100 3000 2900 2600 2800
690 8200 3100 3400 3000 2600 2800
691 8100 3100 4900 3000 2600 2800
692 8500 3100 3500 3000 2600 2800
693 8800 3100 3200 3000 2600 2800
694 8700 3100 4800 3000 2600 2800
695 8900 3100 3100 3000 2600 2800
696 8600 3100 3400 3000 2800 2800
697 8100 3100 3500 3000 2700 2800
698 7800 3200 3600 3000 2600 2800
699 8000 3200 3600 3000 2600 2800
700 8100 3200 3200 3000 2600 2800
701 7900 3200 3500 3000 2600 2800
702 7900 3200 3200 3000 2600 2800
703 8200 3200 3200 3000 2700 2800
704 8800 3200 3900 3000 2700 2800
705 8800 3200 3100 3000 2700 2800
706 8500 3200 3500 3000 2700 2800
707 8600 3200 3700 3000 2600 2800
708 8700 3200 3600 3000 2600 2800
709 8400 3200 4000 3000 2700 2800
710 8300 3200 3200 3000 2600 2800
711 8500 3200 4200 3000 2700 2800
712 8100 3200 3200 3000 2700 2800
713 8200 3200 3000 3000 2600 2800
714 8100 3200 4400 3000 2600 2800
715 8300 3200 3300 3000 2700 2800
716 8300 3200 3600 3000 2600 2800
717 8000 3200 4600 3000 2600 2800
718 8500 3200 2800 3000 2500 2800
719 8200 3200 3400 3000 2600 2800
720 8300 3200 2700 3000 2500 2800
721 9200 3200 3000 3000 2500 2800
722 9200 3200 3300 3000 2600 2900
723 9200 3200 3200 3000 2600 2800
724 9100 3200 3600 3000 2600 2800
725 9100 3200 2800 3000 2600 2900
726 9200 3100 2900 3000 2600 2900
727 9100 3100 3000 3000 2600 2900
728 8700 3200 3100 3000 2600 2900
729 8600 3200 3900 3000 2600 2900
730 8800 3200 3300 3000 2600 2900
731 9100 3200 3100 3000 2600 2900
732 9300 3200 3100 3000 2600 2900
733 9000 3200 3300 3000 2600 2900
734 8600 3200 3100 3000 2600 2900
735 8900 3200 3000 3000 2600 2900
736 9000 3200 4100 3000 2600 2900
737 8800 3200 2800 3000 2600 2900
738 8400 3200 2900 3000 2600 2900
739 8000 3200 2700 3000 2600 2900
740 7400 3200 3100 3000 2600 2900
741 7000 3200 2800 3000 2600 2900
742 6700 3200 3100 3000 2600 2900
743 6500 3200 3200 3000 2600 2900
744 6200 3200 3300 3000 2600 2900
745 6000 3200 2700 3000 2600 2900
746 5900 3200 3200 3000 2600 2900
747 5700 3200 3400 3000 2600 2900
748 5600 3200 3600 3000 2600 2900
749 5500 3200 2700 3000 2600 2800
750 5400 3200 3300 3000 2600 2800
751 5300 3200 3000 3000 2600 2800
752 5200 3200 2900 3000 2500 2800
753 5200 3200 2800 3000 2500 2800
754 5100 3200 3200 3000 2500 2800
755 5100 3200 3300 3000 2500 2900
756 5000 3200 2700 3000 2600 2900
757 5000 3200 2700 3000 2500 2900
758 5000 3200 3300 3000 2500 2900
759 4900 3200 2800 3000 2600 2900
760 4900 3200 2900 3000 2500 2900
761 4900 3200 2700 3000 2500 2900
762 4900 3200 3200 3000 2500 2800
763 4800 3200 2800 3000 2500 2800
764 4800 3200 2700 3000 2500 2800
765 4800 3200 3700 3000 2600 2800
766 4800 3200 3500 3000 2500 2800
767 4800 3200 3300 3000 2500 2800
768 4800 3200 3200 3000 2500 2800
769 4800 3200 3200 3000 2500 2800
770 4800 3200 3000 3000 2500 2800
771 4800 3200 3900 3000 2500 2800
772 4700 3200 3000 3000 2500 2800
773 4700 3200 3200 3000 2500 2800
774 4700 3200 2900 3000 2600 2800
775 4700 3200 4000 3000 2600 2800
776 4500 3200 3100 3000 2600 2800
777 4300 3200 3100 3000 2600 2800
778 4100 3200 3800 3000 2600 2800
779 4000 3200 3200 3000 2500 2800
780 4100 3200 4400 3000 2500 2800
781 4300 3200 3000 3000 2500 2800
782 4400 3200 3100 3000 2500 2800
783 4600 3200 2800 3000 2500 2800
784 4700 3200 3200 3000 2500 2800
785 4800 3200 3100 3000 2500 2800
786 4900 3200 3100 3000 2500 2800
787 5000 3200 3000 3000 2500 2800
788 5100 3200 3100 3000 2500 2800
789 5200 3200 3100 3000 2500 2800
790 5200 3200 2800 3000 2500 2800
791 5300 3200 3400 3000 2500 2800
792 5300 3200 2900 3000 2500 2800
793 5300 3200 2900 3000 2500 2800
794 5300 3200 3200 3000 2500 2800
795 5400 3200 3100 3000 2500 2800
796 5400 3200 2800 3000 2500 2800
797 5400 3200 2800 3000 2500 2800
798 5400 3200 4000 3000 2500 2800
799 5400 3200 2900 3000 2500 2800
800 5400 3200 3200 3000 2500 2800
801 5500 3200 2900 3000 2500 2800
802 5500 3200 2800 3000 2500 2800
803 5500 3200 3100 3000 2500 2800
804 5500 3200 4400 3000 2500 2800
805 5500 3200 4400 3000 2500 2800
806 5500 3200 2800 3000 2500 2800
807 5500 3200 2800 3000 2500 2800
808 5500 3200 3300 3000 2500 2800
809 5500 3200 4000 3000 2500 2800
810 5500 3200 3200 3000 2500 2800
811 5500 3200 3300 3000 2500 2900
812 5500 3200 2800 3000 2600 2900
813 5500 3200 4600 3000 2600 2900
814 5500 3200 2800 3000 2600 2900
815 5500 3200 3000 3000 2600 2900
816 5600 3200 2800 3000 2600 2900
817 5600 3200 2900 3000 2600 2900
818 5600 3200 3800 3000 2600 2900
819 5600 3200 2800 3000 2500 2900
820 5600 3200 4400 3000 2500 2900
821 5600 3200 3400 3000 2500 2900
822 5600 3200 3300 3000 2500 2900
823 5600 3200 4500 3000 2500 2900
824 5700 3200 3000 3000 2500 2900
825 5700 3200 3100 3000 2500 2900
826 5700 3200 4500 3000 2500 2900
827 5700 3200 2800 3000 2500 2900
828 5700 3200 2800 3000 2500 2900
829 5700 3200 3000 3000 2500 2900
830 5700 3200 2800 3000 2500 2900
831 5800 3200 4000 3000 2600 2900
832 5800 3200 3300 3000 2500 2900
833 5800 3200 3100 3000 2500 2800
834 5800 3200 3300 3000 2500 2800
835 5800 3200 3300 3000 2500 2800
836 5900 3200 3000 3000 2600 2800
837 5900 3200 4500 3000 2600 2800
838 5900 3200 2800 3000 2500 2800
839 5900 3200 3300 3000 2500 2800
840 6000 3200 3200 3000 2500 2800
841 6000 3200 2900 3000 2500 2800
842 6000 3200 2800 3000 2600 2800
843 6000 3200 3100 3000 2500 2800
844 6000 3200 3500 3000 2500 2800
845 6000 3200 2800 3000 2600 2800
846 6000 3200 4600 3000 2600 2800
847 6000 3200 2800 3000 2500 2800
848 5900 3200 2900 3000 2500 2800
849 5900 3200 4300 3000 2500 2800
850 5900 3200 2900 3000 2600 2800
851 5900 3200 2900 3000 2600 2800
852 5900 3200 3100 3000 2600 2800
853 5900 3200 3300 3000 2500 2900
854 5900 3200 2800 3000 2600 2800
855 5900 3200 4600 3000 2500 2800
856 5900 3200 2900 3000 2500 2800
857 5900 3200 3000 3000 2500 2800
858 5800 3200 2800 3000 2500 2800
859 5800 3200 3600 3000 2500 2900
860 5700 3200 3000 3000 2500 2900
861 5400 3200 3000 3000 2500 2900
862 5200 3200 3900 3000 2500 2900
863 5000 3200 3600 3000 2500 2900
864 4900 3200 3000 3000 2500 2900
865 4800 3200 3300 3000 2500 2900
866 4700 3200 4300 3000 2500 2900
867 4600 3200 3700 3000 2500 2900
868 4500 3200 3100 3000 2500 2900
869 4500 3200 3000 3000 2500 2900
870 4400 3200 4000 3000 2500 2900
871 4400 3200 2900 3000 2500 2900
872 4400 3200 3200 3000 2500 2900
873 4400 3200 3700 3000 2500 2900
874 4400 3200 3200 3000 2500 2900
875 4400 3200 3300 3000 2600 2900
876 4400 3200 4300 3000 2500 2900
877 4400 3200 3200 3000 2500 2900
878 4400 3200 2900 3000 2500 2900
879 4500 3200 3900 3000 2500 2900
880 4500 3200 3400 3000 2500 2900
881 4500 3200 3300 3000 2500 2900
882 4500 3200 3400 3000 2500 2900
883 4500 3200 4100 3000 2500 2900
884 4500 3200 3800 3000 2500 2900
885 4500 3200 3100 3000 2500 2900
886 4600 3200 4100 3000 2500 2900
887 4600 3200 4200 3000 2500 2900
888 4600 3200 3000 3000 2500 2900
889 4600 3200 3500 3000 2500 2900
890 4600 3200 3100 3000 2500 2900
891 4600 3200 2900 3000 2500 2900
892 4600 3200 3200 3000 2500 2900
893 4400 3200 3000 3000 2500 2900
894 4300 3200 3200 3000 2400 2900
895 4400 3200 3100 3000 2400 2900
896 4400 3200 3500 3000 2400 2900
897 4400 3200 3500 3000 2400 2900
898 4400 3200 4100 3000 2400 2900
899 4400 3200 3300 3000 2400 2900
900 4500 3200 3100 3000 2400 2900
901 4500 3200 3300 3000 2400 2900
902 4500 3200 3400 3000 2400 2900
903 4500 3200 3200 3000 2400 2900
904 4500 3200 3100 3000 2400 2900
905 4500 3200 3700 2900 2400 2900
906 4500 3200 3100 2900 2400 2900
907 4500 3200 3400 2900 2400 2900
908 4600 3200 3200 2900 2400 2900
909 4600 3200 4500 2900 2400 2900
910 4600 3200 4200 2900 2400 2900
911 4600 3200 3300 2900 2400 2900
912 4600 3200 3300 2900 2400 2900
913 4600 3200 3200 2900 2400 2900
914 4600 3200 4200 2900 2400 2900
915 4600 3200 3200 2900 2400 2900
916 4600 3200 3100 2900 2400 2900
917 4600 3200 3100 2900 2400 2900
918 4600 3200 3100 2900 2400 2900
919 4600 3200 4100 2900 2400 2900
920 4600 3200 3600 2900 2400 2900
921 4600 3200 4100 2900 2400 2900
922 4600 3200 3600 2900 2400 2900
923 4600 3200 3200 2900 2400 2900
924 4600 3200 3100 2900 2400 2900
925 4600 3200 3600 2900 2400 2900
926 4600 3200 3400 2900 2400 2900
927 4600 3200 3200 2900 2400 2900
928 4600 3200 3600 2900 2400 2900
929 4600 3200 3700 2900 2400 2900
930 4500 3200 3100 2900 2400 2900
931 4500 3200 3500 2900 2400 2900
932 4500 3200 4200 2900 2400 2900
933 4500 3200 4300 2900 2400 2900
934 4500 3200 3100 2900 2400 2900
935 4500 3200 3600 2900 2400 2900
936 4500 3200 3400 2900 2400 2900
937 4500 3200 3200 2900 2400 2900
938 4400 3200 3400 2900 2400 2900
939 4400 3200 4400 2900 2400 2900
940 4400 3200 4100 2900 2400 2900
941 4400 3200 3500 2900 2400 2900
942 4400 3200 3600 2900 2400 2900
943 4400 3200 3800 2900 2400 2900
944 4400 3200 3300 2900 2400 2900
945 4400 3200 3400 2900 2400 2900
946 4400 3200 3400 2900 2400 2900
947 4300 3200 3800 2900 2400 2900
948 4300 3200 4400 2900 2400 2900
949 4300 3200 3100 2900 2400 2900
950 4300 3200 3600 2900 2400 2900
951 4300 3200 3200 2900 2400 2900
952 4300 3200 3100 2900 2400 2900
953 4300 3200 3500 2900 2400 2900
954 4300 3200 3500 2900 2400 2900
955 4300 3200 4500 2900 2400 2900
956 4300 3200 4000 2900 2400 2900
957 4300 3200 3100 2900 2400 2900
958 4200 3200 3100 2900 2400 2900
959 4200 3200 4500 2900 2400 2900
960 4200 3200 3100 2900 2400 2900
961 4200 3200 3100 2900 2400 2900
962 4200 3200 3600 2900 2400 2900
963 4200 3200 3500 2900 2400 2900
964 4200 3200 3400 2900 2400 2900
965 4200 3200 3600 2900 2400 2900
966 4200 3200 3100 2900 2400 2900
967 4200 3200 3300 2900 2400 2900
968 4200 3200 4400 2900 2400 2900
969 4200 3200 3300 2900 2400 2900
970 4200 3200 3100 2900 2400 2900
971 4100 3200 3100 3000 2400 2900
972 4100 3200 3400 3000 2400 2900
973 4100 3200 4500 3000 2400 2900
974 4100 3200 3300 2900 2400 2900
975 4100 3200 3300 2900 2400 2900
976 4100 3200 3200 2900 2400 2900
977 4100 3200 4000 2900 2400 2900
978 4100 3200 3400 2900 2400 2900
979 4100 3200 3500 3000 2400 2900
980 4100 3200 3500 2900 2400 2900
981 4100 3200 3300 2900 2400 2900
982 4100 3200 3100 2900 2400 2900
983 4100 3200 3100 2900 2400 2900
984 4100 3200 3600 3000 2400 2900
985 4000 3200 3300 2900 2400 2900
986 4000 3200 4300 2900 2400 2900
987 4000 3200 3100 2900 2400 2900
988 4000 3200 3600 2900 2400 2900
989 4000 3200 3600 2900 2400 2900
990 4000 3200 4200 2900 2400 2900
991 4000 3200 3000 2900 2400 2900
992 4000 3200 4500 2900 2400 2900
993 4000 3200 3100 2900 2400 2900
994 4000 3200 3200 2900 2400 2900
995 4000 3200 3200 2900 2400 2900
996 4000 3200 3400 3000 2400 2900
997 4000 3200 3100 3000 2400 2900
998 4000 3200 3600 3000 2400 2900
999 4000 3200 4100 3000 2400 2900
1000 4000 3200 3300 3000 2400 2900
1001 3900 3200 3400 2900 2400 2900
1002 3900 3200 3200 2900 2300 2900
1003 3900 3200 3300 2900 2300 2900
1004 3900 3200 3000 2900 2400 2900
1005 3900 3200 3600 2900 2400 2900
1006 3900 3200 3200 3000 2400 2900
1007 3900 3200 4300 2900 2400 2900
1008 3900 3200 3000 2900 2300 2900
1009 3900 3200 4300 2900 2400 2900
1010 3900 3200 3000 2900 2300 2900
1011 3900 3200 4100 2900 2400 2900
1012 3900 3200 3200 2900 2400 2900
1013 3900 3200 3700 2900 2300 2900
1014 3900 3200 3600 2900 2300 2900
1015 3900 3200 3300 3000 2300 2900
1016 3900 3200 3900 3000 2300 2900
1017 3900 3100 3900 3000 2300 2900
1018 3900 3100 3500 3000 2400 2900
1019 3900 3100 3600 3000 2400 2900
1020 3900 3100 3400 3000 2400 2900
1021 3900 3100 3600 3000 2400 2900
1022 3800 3100 3300 3000 2400 2900
1023 3800 3200 3100 3000 2400 2900
1024 3800 3200 3100 3000 2400 2900
1025 3800 3200 3100 2900 2400 2900
1026 3800 3200 3100 2900 2400 2900
1027 3800 3200 3100 2900 2300 2900
1028 3800 3200 4300 2900 2500 2900
1029 3800 3200 4000 2900 2300 2900
1030 3800 3200 4300 2900 2300 2900
1031 3800 3200 3400 3000 2300 2900
1032 3700 3200 3800 3000 2300 2900
1033 3700 3100 3400 3000 2300 2900
1034 3700 3100 3600 3000 2300 2900
1035 3700 3100 3100 3000 2300 2900
1036 3700 3100 3100 2900 2300 2900
1037 3700 3100 3100 3000 2300 2900
1038 3700 3100 3100 3000 2300 2900
1039 3700 3100 3700 3000 2300 2900
1040 3700 3100 3100 3000 2300 2900
1041 3700 3100 3600 3000 2300 2900
1042 3700 3100 3100 3000 2400 2900
1043 3700 3100 3500 2900 2300 2900
1044 3700 3100 3300 2900 2400 2900
1045 3700 3100 3100 3000 2400 2900
1046 3700 3200 3900 3000 2300 2900
1047 3700 3200 3600 3000 2400 2900
1048 3700 3200 3100 3000 2300 2900
1049 3700 3200 3300 2900 2300 2900
1050 3700 3200 3100 2900 2300 2900
1051 3700 3200 3600 2900 2300 2900
1052 3700 3200 3200 2900 2300 2900
1053 3700 3200 3600 2900 2300 2900
1054 3700 3100 3200 2900 2300 2900
1055 3700 3100 4500 2900 2400 2900
1056 3700 3100 3200 2900 2400 2900
1057 3700 3100 3500 2900 2300 2900
1058 3700 3100 3800 2900 2300 2900
1059 3700 3100 3500 3000 2400 2900
1060 3700 3100 3600 2900 2400 2900
1061 3700 3100 3300 2900 2300 2900
1062 3700 3100 3800 2900 2300 2900
1063 3700 3200 3400 3000 2300 2900
1064 3600 3200 4300 2900 2400 2900
1065 3600 3100 3300 3000 2300 2900
1066 3600 3100 3100 3000 2400 2900
1067 3600 3100 3300 3000 2300 2900
1068 3600 3100 3500 2900 2300 2900
1069 3600 3100 3500 3000 2400 2900
1070 3600 3200 3100 3000 2400 2900
1071 3600 3200 3100 3000 2300 2900
1072 3600 3200 3100 3000 2300 2900
1073 3600 3200 3300 3000 2300 2900
1074 3600 3200 3100 3000 2400 2900
1075 3600 3200 3400 2900 2400 2900
1076 3600 3200 4300 2900 2400 2900
1077 3600 3200 3100 2900 2300 2900
1078 3600 3200 3500 3000 2300 2900
1079 3600 3200 3600 3000 2300 2900
1080 3600 3200 3100 2900 2300 2900
1081 3600 3200 3100 3000 2400 2900
1082 3600 3200 4300 3000 2400 2900
1083 3600 3200 3200 3000 2400 2900
1084 3600 3200 3600 3000 2400 2900
1085 3600 3200 3300 3000 2300 2900
1086 3600 3200 3100 3000 2300 2900
1087 3600 3200 3400 3000 2300 2900
1088 3600 3200 3800 3000 2300 2900
1089 3600 3200 3600 3000 2300 2900
1090 3500 3200 3300 3000 2300 2900
1091 3500 3200 3600 3000 2300 2900
1092 3500 3200 3100 3000 2300 2900
1093 3500 3200 3100 3000 2300 2900
1094 3500 3200 3200 3000 2300 2900
1095 3500 3200 4200 3000 2300 2900
1096 3500 3200 3100 3000 2300 2900
1097 3500 3100 3700 3000 2300 2900
1098 3500 3100 3100 3000 2300 2900
1099 3500 3100 4400 3000 2300 2900
1100 3500 3100 3700 3000 2300 2900
1101 3500 3100 3100 3000 2300 2900
1102 3500 3100 3500 3000 2300 2900
1103 3500 3100 3700 3000 2300 2900
1104 3500 3100 3200 3000 2300 2900
1105 3500 3100 4100 3000 2300 2900
1106 3500 3100 3200 3000 2300 2900
1107 3500 3100 3300 3000 2300 2900
1108 3500 3100 3300 3000 2300 2900
1109 3500 3100 3600 3000 2300 2900
1110 3500 3100 3600 3000 2300 2900
1111 3500 3100 3700 3000 2400 2900
1112 3500 3100 4400 3000 2300 2900
1113 3400 3100 3100 3000 2300 2900
1114 3400 3100 3900 3000 2400 2900
1115 3400 3100 3100 3000 2400 2900
1116 3400 3100 3700 3000 2400 2900
1117 3400 3200 3300 3000 2400 2900
1118 3400 3200 3200 3000 2400 2900
1119 3400 3200 3500 3000 2400 2900
1120 3400 3200 3700 3000 2400 2900
1121 3400 3200 4200 3000 2400 2900
1122 3400 3200 3500 3000 2400 2900
1123 3400 3200 3200 3000 2400 2900
1124 3400 3200 3100 3000 2300 2900
1125 3400 3200 4000 3000 2400 2900
1126 3400 3200 3600 3000 2400 2900
1127 3400 3200 3200 3000 2400 2900
1128 3400 3100 3100 3000 2400 2900
1129 3400 3100 3800 3000 2400 2900
1130 3400 3100 3400 3000 2400 2900
1131 3400 3100 3200 3000 2400 2900
1132 3400 3100 3700 3000 2400 2900
1133 3400 3100 3200 3000 2400 2900
1134 3400 3200 3500 3000 2400 2900
1135 3400 3200 3800 3000 2400 2900
1136 3400 3100 3300 3000 2400 2900
1137 3400 3100 3100 3000 2400 2900
1138 3400 3100 3500 3000 2400 2900
1139 3400 3100 3900 3000 2400 2900
1140 3400 3100 3900 3000 2400 2900
1141 3400 3100 3400 3000 2400 2900
1142 3400 3100 3300 3000 2400 2900
1143 3400 3100 3900 3000 2400 2900
1144 3400 3100 3200 3000 2400 2900
1145 3300 3100 3400 3000 2400 2900
1146 3300 3100 3900 3000 2400 2900
1147 3300 3100 3400 3000 2400 2900
1148 3300 3100 3400 3000 2400 2900
1149 3300 3100 4200 3000 2400 2900
1150 3300 3100 3700 3000 2400 2900
1151 3300 3100 3600 3000 2400 2900
1152 3300 3100 3400 3000 2400 2900
1153 3300 3100 4000 3000 2400 2900
1154 3300 3100 3300 3000 2400 2900
1155 3300 3100 3900 3000 2400 2900
1156 3300 3100 4500 3000 2400 2900
1157 3300 3200 3200 3000 2400 2900
1158 3300 3200 3200 3000 2400 2900
1159 3300 3200 3500 3000 2400 2900
1160 3300 3100 3400 3000 2400 2900
1161 3300 3100 3300 3000 2400 2900
1162 3300 3100 3400 3000 2400 2900
1163 3300 3100 3400 3000 2400 2900
1164 3300 3100 3600 3000 2400 2900
1165 3300 3100 4100 3000 2400 2900
1166 3300 3100 3700 3000 2400 2900
1167 3300 3100 3600 3000 2400 2900
1168 3300 3100 3600 3000 2400 2900
1169 3300 3100 3600 3000 2400 2900
1170 3300 3100 3600 3000 2400 2900
1171 3300 3100 3100 3000 2400 2900
1172 3300 3100 3200 3000 2400 2900
1173 3300 3100 4100 3000 2400 2900
1174 3300 3100 3700 3000 2400 2900
1175 3300 3100 3400 3000 2400 2900
1176 3300 3100 3300 3000 2400 2900
1177 3300 3100 3200 3000 2400 2900
1178 3300 3100 3200 3000 2400 2900
1179 3300 3100 3400 3000 2400 2900
1180 3300 3100 3200 3000 2400 2900
1181 3200 3100 3300 3000 2400 2900
1182 3200 3100 3200 3000 2400 2900
1183 3200 3200 3500 3000 2400 2900
1184 3200 3200 3700 3000 2400 2900
1185 3200 3200 3700 3000 2400 2900
1186 3200 3200 4100 3000 2400 2900
1187 3200 3200 3200 3000 2400 2900
1188 3200 3200 3600 3000 2400 2900
1189 3200 3200 3400 3000 2400 2900
1190 3200 3200 3600 3000 2400 2900
1191 3200 3200 3300 3000 2400 2900
1192 3200 3200 3400 3000 2400 2900
1193 3200 3200 4400 3000 2400 2900
1194 3200 3200 3200 3000 2400 2900
1195 3200 3200 3500 3000 2400 2900
1196 3200 3200 3600 3000 2400 2900
1197 3200 3200 3500 3000 2400 2900
1198 3200 3200 3400 3000 2400 2900
1199 3200 3200 4500 3000 2400 2900
1200 3200 3200 3300 3000 2400 2900
1201 3200 3200 3300 3000 2400 2900
1202 3200 3200 3300 3000 2400 2900
1203 3200 3200 3300 3000 2400 2900
1204 3200 3200 3400 3000 2400 2900
1205 3200 3200 3300 3000 2400 2900
1206 3200 3200 3400 3000 2400 2900
1207 3200 3200 3800 3000 2400 2900
1208 3200 3200 3200 3000 2400 2900
1209 3200 3200 3400 3000 2400 2900
1210 3200 3200 3500 3000 2400 2900
1211 3200 3200 3700 3000 2400 2900
1212 3200 3200 3100 3000 2400 2900
1213 3200 3100 3400 3000 2400 2900
1214 3200 3100 3600 3000 2400 2900
1215 3200 3100 3900 3000 2400 2900
1216 3200 3100 3600 3000 2400 2900
1217 3200 3100 3800 3000 2400 2900
1218 3100 3100 3100 3000 2400 2900
1219 3200 3100 3200 3000 2400 2900
1220 3100 3100 3100 3000 2400 2900
1221 3200 3100 3200 3000 2400 2900
1222 3100 3100 3400 3000 2400 2900
1223 3100 3100 3400 3000 2400 2900
1224 3100 3100 3100 3000 2400 2900
1225 3100 3100 3100 3000 2400 2900
1226 3100 3100 3100 3000 2400 2900
1227 3100 3100 3200 3000 2400 2900
1228 3100 3100 3100 3000 2400 2900
1229 3100 3100 4400 3000 2400 2900
1230 3100 3100 3200 3000 2400 2900
1231 3100 3100 4100 3000 2400 2900
1232 3100 3100 3400 3000 2400 2900
1233 3100 3100 3200 3000 2400 2900
1234 3100 3100 3400 3000 2400 2900
1235 3100 3100 3700 3000 2400 2900
1236 3100 3100 3200 3000 2400 2900
1237 3100 3100 3300 3000 2400 2900
1238 3100 3100 3600 3000 2400 2900
1239 3100 3100 4100 3000 2400 2900
1240 3100 3100 3200 3000 2400 2900
1241 3100 3100 3200 3000 2400 2900
1242 3100 3100 3600 3000 2400 2900
1243 3100 3100 3200 3000 2400 2900
1244 3100 3100 3600 3000 2400 2900
1245 3100 3100 4300 3000 2400 2900
1246 3100 3100 3700 3000 2400 2900
1247 3100 3100 3200 3000 2400 2900
1248 3100 3100 3500 3000 2400 2900
1249 3100 3100 3100 3000 2400 2900
1250 3100 3100 3700 3000 2400 2900
1251 3100 3100 3100 3000 2400 2900
1252 3100 3100 3300 3000 2400 2900
1253 3100 3100 4400 3000 2400 2900
1254 3100 3100 3700 3000 2400 2900
1255 3100 3100 3300 3000 2400 2900
1256 3100 3100 3800 3000 2400 2900
1257 3100 3100 3200 3000 2400 2900
1258 3100 3100 4200 3000 2400 2900
1259 3100 3100 3400 3000 2400 2900
1260 3100 3100 3400 3000 2400 2900
1261 3100 3100 3200 3000 2400 2900
1262 3100 3100 4100 3000 2400 2900
1263 3100 3100 3400 3000 2400 2900
1264 3100 3100 4100 3000 2400 2900
1265 3100 3100 4000 3000 2400 2900
1266 3100 3100 3400 3000 2400 2900
1267 3000 3100 3200 3000 2400 2900
1268 3000 3100 3500 3000 2400 2900
1269 3100 3100 3700 3000 2300 2900
1270 3000 3100 3400 3000 2400 2900
1271 3000 3100 3200 3000 2400 2900
1272 3000 3100 3300 3000 2400 2900
1273 3000 3100 3500 3000 2400 2900
1274 3000 3100 3700 3000 2400 2900
1275 3000 3100 3200 3000 2400 2900
1276 3000 3100 3100 3000 2400 2900
1277 3000 3100 4100 3000 2300 2900
1278 3000 3100 3500 3000 2300 2900
1279 3000 3100 4000 3000 2300 2900
1280 3000 3100 3700 3000 2400 2900
1281 3000 3100 3200 3000 2400 2900
1282 3000 3100 4200 3000 2300 2900
1283 3000 3100 4000 3000 2300 2900
1284 3000 3100 3600 3000 2300 2900
1285 3000 3100 3100 3000 2400 2900
1286 3000 3100 3600 3000 2300 2900
1287 3000 3100 3200 3000 2300 2900
1288 3000 3100 3400 3000 2300 2900
1289 3000 3100 4200 3000 2400 2900
1290 3000 3100 3400 3000 2400 2900
1291 3000 3100 3600 3000 2300 2900
1292 3000 3100 3800 3000 2300 2900
1293 3000 3100 3400 3000 2300 2900
1294 3000 3100 4000 3000 2300 2900
1295 3000 3100 3600 3000 2300 2900
1296 3000 3100 3100 3000 2400 2900
1297 3000 3100 3100 3000 2400 2900
1298 3000 3100 3600 3000 2300 2900
1299 3000 3100 3800 3000 2400 2900
1300 3000 3100 3500 3000 2400 2900
1301 3000 3100 4500 3000 2400 2900
1302 3000 3100 3400 3000 2400 2900
1303 3000 3100 3200 3000 2400 2900
1304 3000 3100 3100 3000 2400 2900
1305 3000 3100 3400 3000 2300 2900
1306 3000 3100 3300 3000 2300 2900
1307 3000 3100 3300 3000 2300 2900
1308 3000 3100 3500 3000 2300 2900
1309 3000 3100 4000 3000 2300 2900
1310 3000 3100 4100 3000 2300 2900
1311 3000 3100 3500 3000 2300 2900
1312 3000 3100 3700 3000 2300 2900
1313 3000 3100 3100 3000 2400 2900
1314 3000 3100 3500 3000 2300 2900
1315 3000 3100 4100 3000 2300 2900
1316 2900 3100 3700 3000 2300 2900
1317 2900 3100 3300 3000 2300 2900
1318 2900 3100 3500 3000 2400 2900
1319 2900 3100 3300 3000 2300 2900
1320 2900 3100 3200 3000 2400 2900
1321 2900 3100 3500 3000 2300 2900
1322 2900 3100 3700 3000 2300 2900
1323 2900 3100 3300 3000 2300 2900
1324 2900 3100 3800 3000 2300 2900
1325 2900 3100 3700 3000 2300 2900
1326 2900 3100 3700 3000 2300 2900
1327 2900 3100 3300 3000 2300 2900
1328 2900 3100 3100 3000 2300 2900
1329 2900 3100 3500 3000 2300 2900
1330 2900 3100 3100 3000 2300 2900
1331 2900 3100 3100 3000 2300 2900
1332 2900 3100 3600 3000 2300 2900
1333 2900 3100 3100 3000 2300 2900
1334 2900 3100 3400 3000 2400 2900
1335 2900 3100 3300 3000 2400 2900
1336 2900 3100 3700 3000 2300 2900
1337 2900 3100 3400 3000 2300 2900
1338 2900 3100 3200 3000 2300 2900
1339 2900 3100 3400 3000 2300 2900
1340 2900 3100 3800 3000 2300 2900
1341 2900 3100 3500 3000 2300 2900
1342 2900 3100 3900 3000 2300 2900
1343 2900 3100 3800 3000 2300 2900
1344 2900 3100 3200 3000 2300 2900
1345 2900 3100 3300 3000 2300 2900
1346 2900 3100 4000 3000 2300 2900
1347 2900 3100 3600 3000 2300 2900
1348 2900 3100 3300 2900 2300 2900
1349 2900 3100 3200 2900 2300 2900
1350 2900 3100 3100 3000 2300 2900
1351 2900 3100 4400 3000 2300 2900
1352 2900 3100 3100 3000 2300 2900
1353 2900 3100 3100 3000 2300 2900
1354 2900 3100 3100 3000 2300 2900
1355 2900 3100 3700 3000 2300 2900
1356 2900 3100 3100 3000 2300 2900
1357 2900 3100 3100 3000 2300 2900
1358 2900 3000 3600 3000 2300 2900
1359 2900 3000 3800 3000 2300 2900
1360 2900 3000 3100 3000 2300 2900
1361 2900 3000 3600 3000 2300 2900
1362 2900 3000 3300 3000 2300 2900
1363 2900 3000 3600 3000 2300 2900
1364 2900 3000 3300 3000 2300 2900
1365 2900 3000 3500 3000 2300 2900
1366 2900 3000 3600 3000 2300 2900
1367 2900 3100 3100 3000 2300 2900
1368 2900 3100 4000 3000 2300 2900
1369 2900 3100 3100 3000 2300 2900
1370 2900 3100 3300 3000 2300 2900
1371 2900 3100 3100 3000 2300 2900
1372 2900 3100 3100 3000 2300 2900
1373 2900 3100 3400 3000 2400 2900
1374 2900 3100 3600 3000 2400 2900
1375 2900 3000 4400 3000 2400 2900
1376 2900 3000 3100 3000 2400 2900
1377 2900 3000 3600 3000 2300 2900
1378 2900 3000 3300 3000 2300 2900
1379 2900 3000 3100 3000 2300 2900
1380 2900 3000 3400 3000 2300 2900
1381 2900 3000 3600 3000 2400 2900
1382 2900 3000 3300 3000 2400 2900
1383 2900 3000 3400 3000 2400 2900
1384 2900 3100 3200 3000 2400 2900
1385 2900 3100 3500 3000 2400 2900
1386 2900 3100 3100 3000 2400 2900
1387 2900 3100 3300 3000 2300 2900
1388 2900 3100 3500 2900 2300 2900
1389 2800 3100 3200 2900 2300 2900
1390 2800 3100 4400 2900 2300 2900
1391 2800 3100 3200 2900 2400 2900
1392 2800 3100 3900 2900 2300 2900
1393 2800 3100 3400 2900 2300 2800
1394 2800 3100 3400 2900 2300 2800
1395 2800 3100 3100 2900 2300 2800
1396 2800 3100 4400 2900 2300 2800
1397 2800 3100 3000 3000 2400 2800
1398 2800 3100 3300 3000 2300 2800
1399 2800 3100 4200 3000 2400 2800
1400 2800 3100 3700 3000 2400 2800
1401 2800 3100 3600 3000 2400 2900
1402 2800 3100 3300 3000 2400 2900
1403 2800 3100 3100 3000 2400 2900
1404 2800 3100 3600 3000 2400 2900
1405 2800 3100 3500 3000 2400 2900
1406 2800 3100 3800 3000 2400 2900
1407 2800 3100 3800 3000 2400 2900
1408 2800 3000 3200 3000 2300 2900
1409 2800 3000 3300 3000 2400 2900
1410 2800 3100 3900 3000 2400 2900
1411 2800 3100 3600 3000 2400 2900
1412 2800 3100 3300 3000 2400 2900
1413 2800 3100 3300 3000 2400 2900
1414 2800 3100 3700 3000 2400 2900
1415 2800 3100 3000 3000 2500 2900
1416 2800 3100 3000 3000 2500 2900
1417 2800 3000 3100 3000 2400 2900
1418 2800 3000 3500 3000 2400 2900
1419 2800 3000 3300 3000 2400 2900
1420 2800 3000 3500 3000 2500 2900
1421 2800 3000 3500 2900 2500 2900
1422 2800 3000 3300 2900 2500 2900
1423 2800 3000 3100 2900 2500 2900
1424 2800 3000 3600 2900 2400 2800
1425 2800 3000 3000 2900 2400 2800
1426 2800 3000 3200 3000 2300 2800
1427 2800 3000 3100 3000 2300 2800
1428 2800 3000 3400 3000 2400 2800
1429 2800 3000 3600 3000 2300 2800
1430 2800 3100 3500 3000 2400 2900
1431 2800 3100 3700 3000 2400 2900
1432 2800 3100 4300 3000 2400 2900
1433 2800 3100 3300 3000 2400 2900
1434 2800 3100 3500 3000 2400 2900
1435 2800 3100 3600 3000 2400 2900
1436 2800 3100 3200 3000 2400 2900
1437 2800 3100 3600 3000 2400 2900
1438 2800 3100 3100 3000 2300 2900
1439 2800 3100 3100 3000 2400 2900
1440 2800 3100 3100 3000 2400 2800
1441 2800 3100 3400 3000 2400 2800
1442 2800 3100 3100 3000 2400 2900
1443 2800 3100 3400 3000 2400 2900
1444 2800 3100 3200 3000 2400 2900
1445 2800 3100 3600 3000 2400 2900
1446 2800 3100 3500 3000 2400 2900
1447 2800 3100 3200 3000 2400 2900
1448 2800 3100 3100 3000 2400 2900
1449 2800 3100 3700 3000 2400 2900
1450 2800 3100 3500 3000 2500 2900
1451 2800 3100 3700 3000 2400 2900
1452 2800 3100 3300 3000 2500 2900
1453 2800 3100 3500 3000 2500 2900
1454 2800 3100 3800 3000 2500 2900
1455 2800 3100 3200 3000 2500 2900
1456 2800 3100 3300 3000 2500 2900
1457 2800 3100 3100 3000 2500 2900
1458 2800 3100 3700 3000 2500 2900
1459 2800 3100 3200 3000 2500 2900
1460 2800 3100 3500 3000 2400 2900
1461 2800 3100 3300 3000 2500 2900
1462 2800 3100 3300 3000 2500 2900
1463 2800 3100 3200 3000 2400 2900
1464 2800 3100 3700 3000 2400 2900
1465 2800 3100 4600 3000 2400 2900
1466 2800 3100 3300 3000 2500 2900
1467 2800 3100 3200 3000 2500 2900
1468 2800 3100 3600 3000 2500 2900
1469 2800 3100 3700 3000 2500 2900
1470 2800 3100 3700 3000 2500 2900
1471 2800 3100 3600 3000 2500 2900
1472 2800 3100 3500 3000 2500 2900
1473 2800 3100 3500 3000 2500 2900
1474 2800 3100 4100 3000 2500 2900
1475 2800 3100 3200 3000 2500 2900
1476 2800 3100 3200 3000 2500 2900
1477 2800 3100 4500 3000 2500 2900
1478 2800 3100 3100 3000 2600 2900
1479 2800 3100 3100 3000 2600 2900
1480 2800 3100 3500 3000 2500 2900
1481 2800 3100 3800 3000 2500 2900
1482 2800 3100 3400 3000 2600 2900
1483 2800 3100 3500 3000 2500 2900
1484 2800 3100 3200 3000 2600 2900
1485 2800 3100 3900 3000 2600 2900
1486 2800 3100 3100 3100 2600 2900
1487 2800 3100 4300 3100 2500 2900
1488 2800 3100 3200 3100 2500 2900
1489 2800 3100 3300 3100 2500 2900
1490 2800 3200 3100 3100 2700 2900
1491 2800 3200 3500 3100 2600 2900
1492 2800 3100 3200 3100 2500 2900
1493 2800 3100 3200 3100 2600 2900
1494 2800 3100 3600 3100 2500 2900
1495 2800 3100 4000 3100 2500 2900
1496 2800 3100 3800 3100 2600 2900
1497 2800 3100 3100 3100 2700 2900
1498 2800 3100 3300 3100 2600 2900
1499 2800 3100 3300 3100 2500 2900
1500 2800 3100 3200 3100 2500 2900
1501 2800 3100 3200 3100 2500 2900
1502 2800 3100 4700 3100 2600 2900
1503 2800 3100 3700 3100 2500 2900
1504 2800 3100 3700 3100 2500 2900
1505 2800 3100 4600 3100 2500 3000
1506 2800 3100 3300 3100 2600 3000
1507 2800 3100 3800 3100 2600 3000
1508 2800 3100 4200 3100 2600 3000
1509 2800 3100 3200 3100 2600 3000
1510 2800 3100 3200 3100 2500 3000
1511 2800 3100 3300 3100 2600 3000
1512 2800 3100 4600 3100 2600 3000
1513 2800 3100 3300 3000 2500 3000
1514 2800 3100 3100 3000 2500 3000
1515 2800 3100 3400 3100 2600 3000
1516 2800 3100 3200 3100 2600 3000
1517 2800 3100 3200 3100 2600 3000
1518 2800 3100 4700 3100 2700 3000
1519 2800 3100 3200 3100 2600 3000
1520 2800 3100 3700 3100 2600 3000
1521 2800 3100 4800 3100 2600 3000
1522 2800 3100 3400 3100 2600 3000
1523 2800 3100 3700 3100 2600 3000
1524 2800 3100 3400 3100 2600 3000
1525 2800 3100 4900 3100 2700 3000
1526 2800 3100 3100 3100 2700 3000
1527 2800 3100 3600 3100 2600 3000
1528 2800 3100 3300 3100 2600 3000
1529 2800 3100 3200 3000 2600 2900
1530 2800 3100 3500 3100 2600 2900
1531 2800 3100 3200 3100 2600 2900
1532 2800 3100 3500 3100 2600 2900
1533 2800 3100 3700 3100 2600 2900
1534 2800 3100 3600 3100 2600 2900
1535 2800 3100 3600 3100 2600 2900
1536 2800 3100 3700 3100 2600 3000
1537 2800 3200 3500 3100 2600 3000
1538 2800 3200 3300 3100 2600 3000
1539 2800 3100 3500 3100 2600 3000
1540 2800 3100 3400 3100 2600 3000
1541 2800 3100 3500 3100 2600 3000
1542 2800 3200 3200 3100 2600 3000
1543 2800 3200 3800 3100 2700 3000
1544 2800 3200 3400 3100 2600 3000
1545 2800 3200 3200 3100 2600 3000
1546 2800 3200 3800 3100 2600 3000
1547 2800 3200 3700 3100 2600 3000
1548 2800 3200 4300 3100 2600 3000
1549 2800 3200 3700 3100 2600 3000
1550 2800 3200 3400 3100 2600 3000
1551 2800 3200 3200 3100 2600 3000
1552 2800 3200 4500 3100 2700 3000
1553 2800 3200 3300 3100 2600 3000
1554 2800 3100 3200 3100 2700 3000
1555 2800 3100 3300 3100 2600 3000
1556 2800 3100 3500 3100 2600 3000
1557 2800 3100 3600 3100 2600 3000
1558 2800 3100 3400 3100 2600 3000
1559 2800 3100 3800 3100 2600 2900
1560 2800 3100 3200 3000 2600 2900
1561 4200 3100 3600 3100 2700 2900
1562 4300 3100 3500 3100 2700 2900
1563 4700 3100 3500 3100 2700 2900
1564 4600 3100 3900 3100 2700 2900
1565 4700 3100 3700 3100 2600 2900
1566 4700 3100 3900 3100 2700 3000
1567 4700 3100 3300 3100 2700 3000
1568 5200 3100 4300 3100 2700 3000
1569 5200 3100 3800 3100 2700 3000
1570 5500 3100 4900 3100 2700 3000
1571 5800 3100 3300 3100 2700 3000
1572 5800 3100 3500 3100 2700 3000
1573 5900 3100 3300 3100 2700 3000
1574 5700 3100 4400 3100 2700 3000
1575 5800 3100 3400 3100 2700 3000
1576 6000 3100 3300 3100 2600 3000
1577 5900 3100 4100 3100 2600 3000
1578 6400 3100 3600 3100 2600 3000
1579 6600 3100 3500 3100 2600 3000
1580 6600 3100 3400 3100 2600 3000
1581 6400 3100 3300 3100 2700 3000
1582 7100 3100 4400 3100 2600 3000
1583 7400 3100 3400 3100 2700 3000
1584 7300 3100 3300 3100 2700 3000
1585 7200 3100 4500 3100 2600 3000
1586 7400 3100 3400 3100 2700 3000
1587 7500 3100 3900 3100 2700 3000
1588 7300 3100 3600 3100 2600 3000
1589 7500 3100 3700 3100 2600 3000
1590 8400 3100 3400 3100 2800 3000
1591 7100 3100 3500 3100 2800 3000
1592 7900 3100 3400 3100 2800 3000
1593 7900 3100 4000 3100 2900 3000
1594 8200 3100 4800 3200 2900 3000
1595 8200 3200 3500 3100 2900 3000
1596 8400 3200 3400 3100 2900 3000
1597 8800 3200 3600 3200 2900 3000
1598 8400 3200 3800 3200 2900 3000
1599 8800 3200 3900 3200 2900 3100
1600 7800 3200 3600 3200 2800 3100
1601 8200 3200 3800 3200 2900 3100
1602 8900 3200 4500 3200 3100 3100
1603 8700 3200 3400 3100 3000 3100
1604 8700 3200 3700 3100 3000 3100
1605 7600 3200 3800 3100 3000 3100
1606 7100 3200 4600 3100 2800 3100
1607 8700 3200 3400 3100 2700 3000
1608 9500 3200 3400 3000 2700 3000
1609 9300 3200 3900 3000 2700 3000
1610 10000 3200 3600 3000 2700 3000
1611 8300 3200 4300 3000 2700 3000
1612 8500 3200 3600 3000 2700 3000
1613 8300 3200 3600 3000 2700 3000
1614 9500 3200 4900 3000 2700 3000
1615 10200 3200 3600 3000 2700 3000
1616 10400 3200 3400 3000 2700 3000
1617 10100 3200 3300 3000 2700 3000
1618 9500 3200 3600 3000 2700 3000
1619 9600 3200 3400 3000 2700 3000
1620 8900 3200 4500 3000 2700 3000
1621 8800 3200 3300 3000 2700 3000
1622 8900 3200 3600 3000 2700 3000
1623 9600 3200 3400 3000 2700 3000
1624 10100 3200 3700 3000 2700 3000
1625 10400 3200 3800 3000 2700 3000
1626 10300 3200 3300 3000 2700 3000
1627 10300 3200 3300 3000 2600 3000
1628 8500 3200 3600 3000 2700 3000
1629 9700 3200 3400 3000 2700 3000
1630 10100 3200 3600 3000 2700 3000
1631 10300 3200 3900 3000 2700 3000
1632 10300 3200 3500 3000 2700 3000
1633 10200 3200 4800 3000 2700 3000
1634 10200 3200 3700 3000 2700 3000
1635 10200 3200 3500 3000 2700 3000
1636 10200 3200 3200 3000 2700 3000
1637 10200 3200 3300 3000 2700 3000
1638 10200 3200 3600 3000 2600 3000
1639 10200 3200 3300 3000 2700 3000
1640 10200 3200 4400 3000 2700 3000
1641 10200 3200 3200 3000 2700 3000
1642 10200 3200 3300 3000 2700 3000
1643 10400 3200 3800 3000 2700 3000
1644 10500 3200 4300 3000 2700 3000
1645 10500 3200 4600 3000 2700 3000
1646 10500 3200 3800 3000 2700 3000
1647 10600 3200 3800 3000 2700 3000
1648 10500 3200 3400 3000 2600 3000
1649 10500 3200 3800 3000 2700 3000
1650 10500 3200 3300 3000 2700 3000
1651 10500 3200 3700 3000 2700 3000
1652 10500 3200 3800 3000 2700 3000
1653 10500 3200 3300 3000 2700 3000
1654 10500 3200 3300 3000 2700 3000
1655 10600 3200 3900 3000 2700 3000
1656 10600 3200 3500 3000 2600 3000
1657 10600 3200 3900 3000 2600 3000
1658 10600 3200 4100 3000 2700 3000
1659 10600 3300 3600 3000 2700 3000
1660 10600 3300 3400 3000 2600 3000
1661 10700 3300 4600 3000 2700 3000
1662 10700 3300 3300 3000 2700 3000
1663 10600 3300 3600 3000 2600 3000
1664 10500 3300 4500 3000 2600 3000
1665 10600 3300 3500 3000 2600 3000
1666 10600 3300 4000 3000 2600 3000
1667 10600 3300 3400 3000 2600 3000
1668 10600 3300 3300 3000 2600 3000
1669 10600 3300 3300 3000 2600 3000
1670 10700 3300 3500 3000 2600 3000
1671 10600 3300 3900 3000 2600 3000
1672 10600 3300 3500 3000 2600 3000
1673 10600 3300 4500 3000 2600 3000
1674 10600 3200 3700 3000 2600 3000
1675 10600 3200 4300 3000 2600 3000
1676 10700 3200 3400 2900 2600 3000
1677 10800 3200 3600 3000 2600 3000
1678 9900 3200 3600 2900 2600 3000
1679 10500 3200 3300 2900 2600 3000
1680 10700 3200 3600 2900 2600 2900
1681 10800 3200 3800 2900 2600 2900
1682 10700 3200 3600 2900 2600 2900
1683 10600 3200 3400 2900 2600 2900
1684 10500 3200 3500 3000 2600 2900
1685 10500 3200 3400 3000 2600 2900
1686 10500 3200 4400 3000 2600 2900
1687 10500 3200 3400 3000 2600 2900
1688 10600 3200 3300 2900 2600 2900
1689 10600 3200 4000 2900 2600 2900
1690 10600 3200 3700 2900 2600 2900
1691 10600 3200 3600 2900 2600 2900
1692 10600 3200 3800 3000 2600 2900
1693 10600 3200 4100 2900 2600 2900
1694 10800 3200 3400 2900 2600 2900
1695 11200 3200 4500 2900 2600 2900
1696 11300 3200 4200 2900 2600 2900
1697 11300 3200 3900 2900 2600 2900
1698 11300 3200 4500 2900 2600 2900
1699 11200 3200 3300 2900 2600 2900
1700 11200 3200 3200 2900 2600 2900
1701 11200 3200 3300 2900 2600 2900
